#no_ejecucion aptitud_promedio_población aptitud_mejor_individuo iteraciones duración valor_mejor_individuo
5 47.683 50 69 10.01 "(0.0, 0.0)"
11 47.341 50 61 10.3 "(0.0, 0.0)"
17 48.501 50 68 10.19 "(0.0, 0.0)"
3 49.001 49.997 68 10.53 "(-0.001, 0.0)"
9 47.726 49.997 78 10.56 "(0.0, -0.001)"
10 48.887 49.997 98 10.15 "(0.0, -0.001)"
12 47.938 49.997 259 10.25 "(-0.001, 0.0)"
13 48.968 49.997 67 10.04 "(-0.001, 0.0)"
15 47.727 49.997 70 10 "(0.0, -0.001)"
19 48.826 49.997 87 9.94 "(0.0, -0.001)"
20 48.895 49.997 53 10.67 "(-0.001, 0.0)"
1 49.56 49.996 370 10.69 "(-0.001, -0.001)"
2 48.124 49.996 52 10.05 "(-0.001, -0.001)"
4 48.903 49.996 97 10.36 "(-0.001, -0.001)"
6 47.17 49.996 54 10.9 "(-0.001, -0.001)"
7 49.265 49.996 95 10 "(-0.001, -0.001)"
8 48.656 49.996 50 10.57 "(-0.001, -0.001)"
14 49.362 49.996 79 10.54 "(-0.001, -0.001)"
16 48.323 49.996 71 10.11 "(-0.001, -0.001)"
18 49.194 49.996 75 11.08 "(-0.001, -0.001)"
